(80, 9, array([22030, 15868, 43102, 57404, 15874], dtype=int64))
(180, 2, array([19735, 27011, 21474, 58570,  5862], dtype=int64))
(418, 8, array([13229, 31649,  7311,  9919, 43985], dtype=int64))
(635, 5, array([57319, 17263,  1011,     5, 24269], dtype=int64))
(674, 2, array([38666, 23854, 10878, 50472, 58561], dtype=int64))
(720, 8, array([ 5840, 42435, 49232, 44446, 14849], dtype=int64))
(854, 2, array([23698, 35732, 27902, 31376, 23224], dtype=int64))
(892, 6, array([26556, 28098, 15710,  3234, 17839], dtype=int64))
(1030, 4, array([56079, 36721, 22939, 13491, 40475], dtype=int64))
(1055, 3, array([58569, 47995,  2999, 39725, 54053], dtype=int64))
(1079, 4, array([ 7472, 53891, 43109, 21697, 19176], dtype=int64))
(1120, 8, array([47928, 19482, 23340, 21618, 48680], dtype=int64))
(1201, 3, array([33664, 29306,  2598, 48842, 11035], dtype=int64))
(1404, 8, array([ 9500,  1398, 39086, 24622, 30812], dtype=int64))
(1604, 4, array([27004, 44048, 58179, 55464, 16878], dtype=int64))
(2044, 6, array([25989,  5834, 58926, 12060, 27068], dtype=int64))
(2098, 3, array([10457, 25525, 51752,  6046, 26684], dtype=int64))
(2676, 7, array([25800, 56403,   252,  6780, 35236], dtype=int64))
(2720, 3, array([52824,  5242, 18616, 10788, 50440], dtype=int64))
(2901, 8, array([10877, 27941, 29359,  9845, 22935], dtype=int64))
(2928, 5, array([12448, 23924, 29272,  4778, 47162], dtype=int64))
(3030, 9, array([15780, 32692, 49510, 26636, 50616], dtype=int64))
(3088, 4, array([25698,  1396, 11924,  7312, 11190], dtype=int64))
(3308, 2, array([49355, 45861, 41372, 39106, 21878], dtype=int64))
(3374, 9, array([10994, 57750, 16502, 11021, 58449], dtype=int64))
(3432, 8, array([48862, 56717, 25307, 36145,  9256], dtype=int64))
(3692, 7, array([13338, 44994,  6870, 25244, 16907], dtype=int64))
(4362, 9, array([28272, 18908,  1916,  6708, 23628], dtype=int64))
(4476, 2, array([  552, 26939, 32892, 38941, 50857], dtype=int64))
(4636, 4, array([41613, 28194, 11617, 52761, 11550], dtype=int64))
(4638, 3, array([12302, 16130, 11954,   588, 27358], dtype=int64))
(4986, 2, array([38824, 56491,  8678, 25724, 26072], dtype=int64))
(5042, 8, array([46536, 13614, 49004, 45934, 40124], dtype=int64))
(5216, 2, array([10293, 10716,  5994,  6043, 58466], dtype=int64))
(5298, 0, array([53398, 47285, 28984, 27713, 12220], dtype=int64))
(5821, 7, array([58331, 11550, 35233, 41613, 11617], dtype=int64))
(5896, 8, array([41788, 16194, 50920, 40590,  9560], dtype=int64))
(5916, 8, array([23796, 37848, 54560, 30193, 47952], dtype=int64))
(5936, 4, array([21302, 47234, 25310, 46316, 12510], dtype=int64))
(6418, 5, array([23126, 28548,  9556, 59583,  6930], dtype=int64))
(6448, 4, array([20839, 57591,  3537, 22277, 10149], dtype=int64))
(6498, 8, array([39416, 30306, 47848, 11522, 40478], dtype=int64))
(6816, 8, array([54784, 34826, 32334,  2878, 11051], dtype=int64))
(6885, 1, array([13065, 10895, 34766, 51143, 41935], dtype=int64))
(7058, 3, array([11681, 18850, 46364, 31492,  7359], dtype=int64))
(7329, 8, array([49134, 42852, 10448, 35792, 20706], dtype=int64))
(7347, 2, array([29432, 14597, 13755, 19199, 43890], dtype=int64))
(7530, 7, array([21414, 35907,  6108,  1017, 43971], dtype=int64))
(8012, 3, array([52594, 49918,  5986, 10940, 16212], dtype=int64))
(8190, 5, array([33704, 28768, 16726, 31040, 23830], dtype=int64))
(8200, 3, array([41510, 36464, 24902, 22388, 21616], dtype=int64))
(8202, 2, array([ 7994, 46106, 22243, 31074, 16622], dtype=int64))
(8214, 7, array([33744, 20084, 51316, 56905, 50558], dtype=int64))
(8480, 2, array([22639, 41959, 42197, 41897, 47407], dtype=int64))
(8680, 8, array([40286,  4344, 45522, 12414, 58879], dtype=int64))
(8729, 3, array([37835, 43491,  6087, 15643, 10461], dtype=int64))
(8821, 3, array([13323, 33255, 56199, 20311,  5701], dtype=int64))
(8857, 4, array([24701, 11991, 37123, 22655,  4816], dtype=int64))
(8865, 3, array([23575, 13871, 40855, 23611, 23719], dtype=int64))
(8966, 2, array([13566,  4366, 22022, 55848, 15230], dtype=int64))
(9098, 2, array([56043, 55999, 58268, 55869, 54107], dtype=int64))
(9220, 8, array([59532, 35479, 39769, 39847, 17144], dtype=int64))
(9279, 3, array([13815, 12488, 45898, 25598, 35580], dtype=int64))
(9924, 8, array([28718, 50232, 55121,  9216, 58737], dtype=int64))
(10064, 8, array([41220, 19819, 26086, 34428, 13775], dtype=int64))
(10116, 3, array([18020, 55842, 33639, 45004, 30560], dtype=int64))
(10256, 2, array([25688, 12576, 37889, 41317, 38371], dtype=int64))
(10736, 4, array([26622, 35158, 54788, 40208, 56399], dtype=int64))
(10994, 3, array([44236, 51194,  5136, 37538, 25946], dtype=int64))
(11210, 8, array([10934, 14984, 17107, 26586, 45074], dtype=int64))
(11570, 3, array([57344, 51068, 48759, 25639, 33356], dtype=int64))
(11572, 5, array([20936, 17797, 19302,   216, 45608], dtype=int64))
(11598, 4, array([48183, 20327, 23203, 37179, 24895], dtype=int64))
(11632, 2, array([11278, 25394, 17650,    72, 30486], dtype=int64))
(11767, 4, array([53489, 24405, 33580,  8185, 16855], dtype=int64))
(11885, 8, array([33822, 41302, 27292, 43521, 43405], dtype=int64))
(11889, 5, array([47562, 54188, 31754, 30630, 36101], dtype=int64))
(11949, 3, array([15356, 36145, 20438,  8451, 51882], dtype=int64))
(12268, 8, array([17207,  7640, 35738, 26037, 42431], dtype=int64))
(12559, 2, array([59838, 32127, 38391, 34061, 43687], dtype=int64))
(12651, 9, array([50046, 33384, 12453, 44257, 14954], dtype=int64))
(12692, 5, array([41424, 41988, 33178, 33728,  7015], dtype=int64))
(12778, 8, array([ 1396, 26005, 14504,  7312, 14568], dtype=int64))
(12860, 2, array([52492, 31534, 16021,  2086, 14346], dtype=int64))
(13452, 2, array([47700, 52861, 48452, 39500, 20004], dtype=int64))
(13655, 8, array([43557,  4335, 43029, 20587, 53223], dtype=int64))
(13677, 8, array([57495,  1429,  4369,  6719,  6497], dtype=int64))
(13680, 8, array([25416, 20027, 47601, 23462, 35990], dtype=int64))
(13703, 3, array([ 3942, 51080, 35807, 10718, 26742], dtype=int64))
(13742, 9, array([ 4481,  4853, 36263, 25523, 34684], dtype=int64))
(13920, 8, array([25555, 24874, 17020, 33523,  2832], dtype=int64))
(14008, 8, array([35551,  7077, 10153, 16526, 13687], dtype=int64))
(14385, 8, array([50471, 22537, 33355, 30113,  8333], dtype=int64))
(14440, 4, array([44432, 19494,  5174, 20054, 47234], dtype=int64))
(14650, 4, array([49464, 58447, 32338,  9415, 27578], dtype=int64))
(14790, 9, array([15134, 34100, 45812, 55738, 44096], dtype=int64))
(15141, 4, array([15345, 59052,  6851, 21765, 13785], dtype=int64))
(15207, 4, array([ 3488, 21715, 58561, 50472,  8652], dtype=int64))
(15352, 4, array([48493, 32631, 25541, 31231, 50266], dtype=int64))
(15496, 3, array([31176, 50794, 16884, 14502, 57925], dtype=int64))
(15743, 3, array([23783, 20038, 12569,  3085, 17625], dtype=int64))
(15820, 8, array([45770,  4786, 46138, 35100, 35164], dtype=int64))
(15942, 4, array([ 5774,  1512, 26624, 49524, 24522], dtype=int64))
(16206, 4, array([ 9122, 47456, 14504, 45828, 11682], dtype=int64))
(16446, 5, array([58859, 55776, 48928,  4158,  3450], dtype=int64))
(16488, 9, array([39466, 32108, 14740,  3794, 51456], dtype=int64))
(16658, 8, array([19837, 13590, 32632, 44582, 14032], dtype=int64))
(16706, 4, array([42118, 31986,  4209, 39148,  5860], dtype=int64))
(16748, 3, array([ 6680, 15768, 45649, 37240, 23912], dtype=int64))
(16756, 7, array([45431,  3099, 35623,  9835, 51863], dtype=int64))
(16964, 8, array([ 8439, 23745, 14886, 37688,  4329], dtype=int64))
(17112, 8, array([57902, 12843, 49334,  9170, 36812], dtype=int64))
(17220, 2, array([25348, 57600, 57405, 10485, 52633], dtype=int64))
(17551, 9, array([17497, 15801, 10590, 15859, 17513], dtype=int64))
(17591, 9, array([ 1803, 23965, 59088, 10077, 45973], dtype=int64))
(17772, 7, array([35554, 49972, 48720, 52268, 11362], dtype=int64))
(17817, 9, array([54942, 48210, 15854, 50749, 17881], dtype=int64))
(17858, 9, array([41680, 13252,  8278, 12530, 15604], dtype=int64))
(17958, 9, array([19362, 31881,  8892, 51440, 58064], dtype=int64))
(18003, 2, array([  527, 41515, 57211, 44159, 32171], dtype=int64))
(18348, 8, array([55702,  1683,  2633, 35824, 18738], dtype=int64))
(18631, 2, array([36168, 10781,    88, 16498, 49594], dtype=int64))
(19005, 8, array([37213,  7951, 32315, 37155, 34655], dtype=int64))
(19112, 4, array([33625,  2860, 31986, 24967, 43845], dtype=int64))
(19124, 8, array([42360, 14436, 35732, 26536, 45304], dtype=int64))
(19244, 9, array([19892, 36244,  1887, 22746, 32362], dtype=int64))
(19502, 2, array([13730, 41158, 59344, 39714, 18112], dtype=int64))
(20068, 8, array([45126, 21970, 14732, 26210, 41012], dtype=int64))
(20150, 3, array([44856, 36608, 44418, 22173, 40314], dtype=int64))
(20600, 7, array([59566, 27873, 29213, 43565, 19315], dtype=int64))
(20672, 1, array([25683, 42223,   714, 46394, 50096], dtype=int64))
(20720, 7, array([35299, 35257, 39843, 48943, 17260], dtype=int64))
(20784, 5, array([ 3906, 18572, 39710, 56674,  9986], dtype=int64))
(21034, 5, array([14480, 23860, 35272, 49882, 52404], dtype=int64))
(21436, 2, array([ 4231, 48493, 56675, 23958, 32464], dtype=int64))
(21982, 2, array([ 4189, 48208, 53763, 34568, 11056], dtype=int64))
(22130, 5, array([33708, 52315,  6713, 34930, 27448], dtype=int64))
(22139, 2, array([30948, 35857, 11318, 46535, 35853], dtype=int64))
(22212, 6, array([14509,  6423, 57243, 37849, 30996], dtype=int64))
(22278, 2, array([45901, 36436,  5650,  7770, 13755], dtype=int64))
(22320, 8, array([34826, 11759, 54067, 22212, 12932], dtype=int64))
(22561, 6, array([42085, 38397, 26891, 17129, 14478], dtype=int64))
(22792, 2, array([  140, 31548, 14350,  7384, 50972], dtype=int64))
(23184, 8, array([38160, 58820, 10290, 17960, 46915], dtype=int64))
(23526, 7, array([34476,  7946, 52712, 41792, 22125], dtype=int64))
(23718, 2, array([20214, 56816, 18534, 37999, 30644], dtype=int64))
(23868, 9, array([19358, 46906,  4154, 39798, 41820], dtype=int64))
(23911, 1, array([30541, 30165, 54937,  2609, 15991], dtype=int64))
(23956, 4, array([31341, 49471, 13005, 32459, 43169], dtype=int64))
(23962, 3, array([34122, 56397, 46412, 15759, 46073], dtype=int64))
(24278, 3, array([12949, 37213, 11395,  1909,  6197], dtype=int64))
(24292, 4, array([30436, 14196, 19968, 53004, 14986], dtype=int64))
(24798, 4, array([ 1995,  6133, 55651, 34401,  8274], dtype=int64))
(24849, 2, array([32413, 13177, 13025, 10257, 13213], dtype=int64))
(25159, 0, array([28830, 26498, 27156,  9254, 31722], dtype=int64))
(25232, 8, array([ 7764,  1012,  9175, 40880, 20627], dtype=int64))
(25262, 8, array([28820, 33146,  5980, 18522,  6216], dtype=int64))
(25482, 8, array([39265, 29430,  4319, 51197, 37839], dtype=int64))
(25546, 8, array([33344, 28418, 37631, 15372, 57396], dtype=int64))
(25562, 9, array([ 5784, 42939, 59107, 44398, 52261], dtype=int64))
(25678, 5, array([21912, 42350, 55670, 12068, 50934], dtype=int64))
(26158, 7, array([17418,  1031, 43933, 29057, 45499], dtype=int64))
(26398, 5, array([ 1309, 38694, 28549, 41170, 34767], dtype=int64))
(26504, 2, array([13311, 38711, 13243, 12126, 33171], dtype=int64))
(26626, 2, array([41892, 41692, 54218, 31382, 11498], dtype=int64))
(26708, 8, array([24817, 10247,  5589, 12051, 39195], dtype=int64))
(26718, 2, array([29951, 47307, 13819, 52484, 26395], dtype=int64))
(26749, 7, array([14974, 26025, 28319, 35292, 29808], dtype=int64))
(27122, 2, array([ 3884, 43662,  6034, 58012, 37980], dtype=int64))
(27155, 7, array([36958, 22391, 36167, 22411, 28077], dtype=int64))
(27522, 7, array([20436, 36174, 18748, 13484, 23578], dtype=int64))
(27706, 7, array([43174,  2600, 54036, 32256, 21302], dtype=int64))
(27822, 0, array([ 4402,   256, 26900, 47472,  8860], dtype=int64))
(27938, 7, array([ 2438, 22078, 41763,  8776, 27876], dtype=int64))
(28052, 2, array([15061,  8881, 40707,  9417, 53148], dtype=int64))
(28086, 4, array([36968, 29666, 37518,  5090, 50264], dtype=int64))
(28357, 0, array([ 1365, 36591, 36765, 10301, 11395], dtype=int64))
(28374, 3, array([28608, 44995, 49007, 56413,  3649], dtype=int64))
(28422, 9, array([16216, 46754, 59413, 26192, 34348], dtype=int64))
(28491, 5, array([40297, 46030, 47445, 24821, 32417], dtype=int64))
(28620, 7, array([11820, 40028, 40978, 30263, 27450], dtype=int64))
(28788, 8, array([23247, 44237, 39311, 14029, 14143], dtype=int64))
(28846, 5, array([54382,  8424, 52146, 51156, 49983], dtype=int64))
(28984, 9, array([ 5298, 12220, 45501, 35198, 53398], dtype=int64))
(29132, 8, array([14256, 13242, 36508, 30192, 57308], dtype=int64))
(29201, 9, array([41894, 43933, 29057, 11508, 54917], dtype=int64))
(29264, 5, array([ 6246, 56918,   630, 50610, 16160], dtype=int64))
(29476, 3, array([40819, 14154, 42655, 53321, 59768], dtype=int64))
(29508, 7, array([18258, 50582, 25606,  9423, 28439], dtype=int64))
(29609, 1, array([13694,  5706, 16768,  9534, 38330], dtype=int64))
(29694, 7, array([45501, 47360, 58588,  9430, 57170], dtype=int64))
(30041, 3, array([12021,  6431,  4397,  6569, 20837], dtype=int64))
(30049, 9, array([53922, 21704, 52608, 36028, 25223], dtype=int64))
(30123, 0, array([33425, 37225, 32375, 11625, 17129], dtype=int64))
(30144, 9, array([58462, 51587, 45418, 31445, 52836], dtype=int64))
(30596, 2, array([ 8080, 37920, 47580,  3488, 54664], dtype=int64))
(30900, 5, array([27172, 22759, 29602, 55758, 36027], dtype=int64))
(31134, 1, array([13506, 53742, 32630, 25272, 37941], dtype=int64))
(31444, 8, array([24666, 32646, 31756, 30323,  7154], dtype=int64))
(31596, 3, array([24679, 24831, 26852, 48289, 23077], dtype=int64))
(31600, 8, array([57788, 29249, 45272, 28571, 54707], dtype=int64))
(31664, 3, array([ 9631,  9673,  9614, 14201, 56649], dtype=int64))
(31672, 6, array([28292, 27202, 44113, 20263, 37843], dtype=int64))
(31711, 4, array([44151,  7349, 59932, 59954, 52177], dtype=int64))
(31727, 1, array([11400, 43584,  4774, 31713, 44538], dtype=int64))
(31748, 3, array([ 7161, 41984, 46349, 17246,  3165], dtype=int64))
(31760, 8, array([48262, 13708,  8312,  7044, 28507], dtype=int64))
(32017, 3, array([51243, 51307, 47851, 23163, 43403], dtype=int64))
(32018, 8, array([38105, 12049, 47875, 10897, 11995], dtype=int64))
(32244, 8, array([10285, 55587, 36625, 10301,  1365], dtype=int64))
(32372, 5, array([44205, 20175, 15694, 51499, 19669], dtype=int64))
(32456, 8, array([45654,  7365, 20684,    22, 54261], dtype=int64))
(32475, 2, array([58316, 42153, 11969, 17334, 48613], dtype=int64))
(32499, 4, array([ 5495, 57347, 22387,   623, 10135], dtype=int64))
(32573, 8, array([31102,  5704, 41618,  4264, 32328], dtype=int64))
(32668, 9, array([ 6489, 59529, 21149, 59818, 23695], dtype=int64))
(32747, 8, array([22404, 55694, 22570, 19334, 12546], dtype=int64))
(32776, 4, array([29991, 28757, 41960, 45760, 46073], dtype=int64))
(32835, 7, array([12132, 28738, 22066,  1607, 30909], dtype=int64))
(32880, 0, array([28984, 23177, 47631, 12220, 47603], dtype=int64))
(32926, 8, array([42587, 55549, 42410, 42711, 20236], dtype=int64))
(33062, 7, array([46026, 31447, 50472, 32704, 31012], dtype=int64))
(33150, 8, array([15574, 30104, 18268, 33398, 46842], dtype=int64))
(33388, 8, array([43310, 28313, 38647, 38597,  3653], dtype=int64))
(33506, 4, array([ 4064, 26604, 17664, 44370, 31478], dtype=int64))
(33631, 8, array([18274, 59137, 16504,  7501, 32931], dtype=int64))
(33685, 2, array([53014, 14384,  9744, 57586, 57720], dtype=int64))
(33768, 9, array([32441, 12439, 59617,  3059, 51358], dtype=int64))
(33780, 8, array([32335, 32367,  7951,  9453, 20913], dtype=int64))
(34048, 3, array([21444, 11880, 26312, 38952,  6910], dtype=int64))
(34328, 8, array([ 1535, 33383, 59919, 30047, 44113], dtype=int64))
(34404, 9, array([16282, 54498, 12934, 47765, 56952], dtype=int64))
(34406, 4, array([47951, 13913, 59934, 24225,  1423], dtype=int64))
(34486, 0, array([14522, 35734, 57672, 57280, 19534], dtype=int64))
(34500, 8, array([ 8227, 17257,  7884, 33607, 51763], dtype=int64))
(34660, 3, array([50553, 47988, 30118, 15202, 30952], dtype=int64))
(34678, 8, array([33472, 34052, 33976, 33610, 34495], dtype=int64))
(34707, 8, array([19243,    78, 41832,  6925, 50088], dtype=int64))
(34713, 3, array([43175, 37807, 36599, 10543, 39460], dtype=int64))
(34802, 3, array([44194,  5538, 22528, 31089, 29801], dtype=int64))
(34902, 2, array([ 7934, 18892, 27094, 13216, 45112], dtype=int64))
(35088, 8, array([14714, 39412,  7134, 56262,  2760], dtype=int64))
(35136, 4, array([23423, 53204, 59381, 55992, 36670], dtype=int64))
(35234, 4, array([ 9233, 49827, 44300, 36496, 44070], dtype=int64))
(35324, 4, array([ 1826, 33246, 38312, 45528, 10936], dtype=int64))
(35480, 9, array([51136, 41888, 30684,  7876,  4942], dtype=int64))
(35616, 6, array([52663,  8270, 36174, 32498, 30234], dtype=int64))
(35847, 8, array([49898, 50358, 46168, 20594, 16878], dtype=int64))
(36047, 0, array([39923,  7311, 39831, 58365, 19035], dtype=int64))
(36055, 0, array([17385, 43985, 30061, 57789, 38295], dtype=int64))
(36072, 2, array([ 3734, 11541, 27035, 11133, 10625], dtype=int64))
(36104, 9, array([59182, 54453, 47859, 47061, 31997], dtype=int64))
(36446, 6, array([ 8385, 23009, 13005, 11851, 13075], dtype=int64))
(36818, 7, array([23886, 40944, 10500, 28246, 47642], dtype=int64))
(37038, 1, array([ 9031, 26265, 58135, 29837, 58137], dtype=int64))
(37427, 2, array([54166, 54509, 27515, 14117, 24704], dtype=int64))
(37468, 3, array([ 1143, 21750, 34056, 30724, 38435], dtype=int64))
(37734, 2, array([16304, 27158, 26088, 50392, 36650], dtype=int64))
(37810, 8, array([34924,  3932, 51130, 32402, 38013], dtype=int64))
(37834, 7, array([23660, 16722,  3900, 43578, 16960], dtype=int64))
(37838, 2, array([57178, 32266, 18006, 38972,  3640], dtype=int64))
(38052, 4, array([19412, 28530, 36892, 39172, 41734], dtype=int64))
(38374, 7, array([56971,  6277, 15632, 23993, 36108], dtype=int64))
(38385, 4, array([ 3551,    99,  3487, 55417,  6372], dtype=int64))
(38760, 9, array([19931, 28856,  8338, 27197, 46449], dtype=int64))
(39184, 3, array([56816, 20466, 12031, 19809, 52256], dtype=int64))
(39208, 5, array([54981,  1518, 39921,  1196, 55011], dtype=int64))
(39307, 8, array([52139, 12999, 14607, 32235, 52123], dtype=int64))
(39327, 3, array([16247, 43627, 37215,  8107, 20193], dtype=int64))
(39355, 8, array([52087, 35335, 45485,   531,   663], dtype=int64))
(39806, 8, array([40718,  1143, 37468, 53718, 31884], dtype=int64))
(40112, 4, array([56602, 17664, 31494,  4064, 48184], dtype=int64))
(40144, 5, array([35458, 37374, 44020, 45260, 45764], dtype=int64))
(40280, 0, array([28798, 48086, 18576, 36966, 45580], dtype=int64))
(40386, 7, array([31854, 22340, 12832, 14247, 35004], dtype=int64))
(40466, 8, array([59431, 59369, 53976,  6013, 59378], dtype=int64))
(40620, 3, array([39996, 12488,   502, 13248, 16164], dtype=int64))
(40660, 4, array([40178,  9474, 36264, 24932, 26492], dtype=int64))
(40964, 5, array([16806, 19687, 17861, 14142, 41270], dtype=int64))
(40976, 1, array([17979, 57405, 50038, 11188, 35223], dtype=int64))
(41218, 8, array([35654, 47621, 25702, 44800, 48900], dtype=int64))
(41276, 2, array([15147, 56352, 30924, 10019, 34330], dtype=int64))
(41396, 8, array([17493, 20219, 18831, 15551, 17561], dtype=int64))
(41438, 2, array([22632, 49786,  7632,  3120, 13260], dtype=int64))
(41538, 6, array([22734,  7244, 20109, 19951, 39562], dtype=int64))
(41618, 5, array([ 2800, 48590,  4264, 34624, 44694], dtype=int64))
(41779, 7, array([58148, 39843, 46107, 23665, 23703], dtype=int64))
(42088, 3, array([28833, 45059, 32089, 55750, 12495], dtype=int64))
(42355, 3, array([47966, 51530, 24360, 18514, 11018], dtype=int64))
(42428, 5, array([53344,  5194, 28670,  1916, 27466], dtype=int64))
(42434, 3, array([41081, 54599,  1166, 28624, 23978], dtype=int64))
(42566, 9, array([48172, 45173, 54175, 56072, 37490], dtype=int64))
(42624, 8, array([51253, 13323, 32429,  5999, 10977], dtype=int64))
(42688, 8, array([40696, 36382, 51468, 13102, 20604], dtype=int64))
(42854, 4, array([13195, 46099, 19716, 30029, 51709], dtype=int64))
(43098, 5, array([56152, 29905, 59992,  7061,  7157], dtype=int64))
(43109, 8, array([59697,  5713, 23921, 54825, 35811], dtype=int64))
(43208, 3, array([  159,  5386, 22442, 13914,  6284], dtype=int64))
(43454, 5, array([52636,  7666, 57312, 52096, 50516], dtype=int64))
(43574, 5, array([29725,  3537, 32345, 20855, 12744], dtype=int64))
(43658, 3, array([56486, 30804,  6542, 34844, 53337], dtype=int64))
(43670, 3, array([49719, 57655, 34055,  8217,  5291], dtype=int64))
(43788, 8, array([54762,  1662, 29730, 16142, 28234], dtype=int64))
(43823, 8, array([22495, 15943, 14351, 37087, 37257], dtype=int64))
(44172, 8, array([39855, 33507, 22154, 25210, 12358], dtype=int64))
(44294, 4, array([15146, 10142, 17758, 20750, 51644], dtype=int64))
(44442, 8, array([17941, 35833, 41229, 52601, 51655], dtype=int64))
(44456, 3, array([35572, 15094, 13735,  9627, 33094], dtype=int64))
(44748, 8, array([45390, 46608,  4739, 21439, 39158], dtype=int64))
(44767, 2, array([30959, 30917, 26026, 56359, 52249], dtype=int64))
(44959, 3, array([ 6910, 58068, 11006, 13506,  2824], dtype=int64))
(44961, 8, array([38265, 42169, 42757, 32888, 20663], dtype=int64))
(45117, 8, array([43120,  2613, 38293, 36507, 16008], dtype=int64))
(45143, 7, array([40909, 44996,  4140, 36410, 41852], dtype=int64))
(45185, 7, array([ 1044, 30809, 22164, 53321, 40220], dtype=int64))
(45348, 2, array([ 1904, 56530, 56528,  8192, 36046], dtype=int64))
(45576, 8, array([30894, 56374, 23240, 57310, 30606], dtype=int64))
(45692, 8, array([39829, 15151,  3099, 10095, 58112], dtype=int64))
(45801, 3, array([24716,   244,   554, 21457, 19318], dtype=int64))
(45868, 2, array([ 8396, 32812, 44032, 38015, 18152], dtype=int64))
(45884, 8, array([16549, 24748, 34736, 38848, 31680], dtype=int64))
(45901, 7, array([35303, 50489, 31307,  4225, 19897], dtype=int64))
(45917, 9, array([39899,  1573, 32269,  1531, 42746], dtype=int64))
(45968, 8, array([ 2582, 14564, 56344, 49470, 16393], dtype=int64))
(46115, 2, array([45392, 29951, 52484,  8123,  2844], dtype=int64))
(46122, 2, array([ 6007, 49949, 26692, 55698, 14153], dtype=int64))
(46187, 3, array([22216, 23447, 27325, 16132, 50358], dtype=int64))
(46269, 3, array([22249, 22335, 20454, 19345, 22411], dtype=int64))
(46288, 2, array([53530, 23738, 56346, 51552, 37637], dtype=int64))
(46689, 3, array([21805, 20966, 15476, 32297, 33941], dtype=int64))
(46726, 0, array([29026,  1948, 59403, 47634, 50791], dtype=int64))
(47034, 8, array([36271, 14021, 24974, 21301, 20384], dtype=int64))
(47094, 4, array([25258, 35755, 37359, 41065, 11212], dtype=int64))
(47217, 3, array([48979, 49136, 19562, 14508,  3448], dtype=int64))
(47247, 0, array([45018,  1222, 49686, 26498, 29096], dtype=int64))
(47317, 8, array([11317, 21839, 21905,  6311, 28167], dtype=int64))
(47475, 5, array([11379, 42275, 22589,  5729, 59720], dtype=int64))
(47597, 8, array([ 6097, 47599, 24632, 29341, 47619], dtype=int64))
(47600, 7, array([43158,  3232, 18747, 29565, 50245], dtype=int64))
(47759, 2, array([ 1367,    63,  5525, 10283,  8515], dtype=int64))
(47926, 8, array([ 3296, 27234, 55778, 34598, 14077], dtype=int64))
(48382, 8, array([16922, 18645, 10412, 11588, 20886], dtype=int64))
(48460, 2, array([49521, 24970, 48513, 41487, 44327], dtype=int64))
(48486, 4, array([51644, 51442, 47456, 46602, 45074], dtype=int64))
(48522, 4, array([ 2370, 58696, 46263, 57744, 21645], dtype=int64))
(48524, 9, array([38693,    63, 52661, 29364,  3756], dtype=int64))
(48681, 2, array([19818, 53657, 20128, 18991, 24393], dtype=int64))
(48762, 7, array([35811, 39555, 19639,  6413,  3811], dtype=int64))
(49056, 7, array([13689, 17279, 17351,  4063, 53119], dtype=int64))
(49282, 2, array([ 5955, 59619, 55267, 34053, 20963], dtype=int64))
(49300, 3, array([56976, 37226, 22506,  2727, 26196], dtype=int64))
(49487, 8, array([32173, 47403, 41367, 14654, 49523], dtype=int64))
(49488, 1, array([32066, 15354, 40916, 54586, 29801], dtype=int64))
(49634, 8, array([43158, 50445, 25247, 51099, 19120], dtype=int64))
(49656, 9, array([27031, 30681, 59137, 59151, 23563], dtype=int64))
(49892, 5, array([41254, 56713,  4866, 14116, 56487], dtype=int64))
(50239, 9, array([23113, 49281, 52847, 35525, 28835], dtype=int64))
(50329, 9, array([56390,  1655, 26982,   371, 52568], dtype=int64))
(50340, 3, array([23625, 41427, 17431, 25807, 28169], dtype=int64))
(50359, 7, array([5833, 1095, 3045, 2994, 7185], dtype=int64))
(50369, 3, array([44973, 37321, 44641, 33793, 21897], dtype=int64))
(50403, 3, array([30204, 34574, 58484, 26566, 37278], dtype=int64))
(50414, 9, array([46221,  7625, 42082, 45517, 17116], dtype=int64))
(50417, 3, array([47989,  5087, 38135, 21106, 47831], dtype=int64))
(50426, 7, array([25054,  7237, 15385, 43933, 59979], dtype=int64))
(50431, 3, array([18916, 21870,  5544,  9950,  7714], dtype=int64))
(50514, 8, array([55104, 58541, 49673,  4615, 33568], dtype=int64))
(50572, 1, array([22392, 55216, 28790,  1899,  7992], dtype=int64))
(50714, 8, array([25924, 57401, 39120, 49794, 47280], dtype=int64))
(51125, 4, array([41306, 39598, 41905, 28553, 47863], dtype=int64))
(51248, 9, array([14390, 23692, 17238,  8768, 48120], dtype=int64))
(51300, 7, array([51603, 53904, 27111, 50647, 57929], dtype=int64))
(51315, 8, array([ 6075, 12949, 36801, 17965,  4685], dtype=int64))
(51698, 2, array([13534, 47852, 57526, 37999, 27756], dtype=int64))
(51764, 5, array([10898, 22702, 45904, 53389, 45149], dtype=int64))
(51944, 4, array([20026, 18193, 26155, 19747, 37126], dtype=int64))
(52129, 3, array([19173, 19035, 36047, 49527, 10703], dtype=int64))
(52173, 7, array([39757, 14001, 44065, 44047, 19058], dtype=int64))
(52210, 5, array([29577, 26428,  1928, 31225, 10908], dtype=int64))
(52279, 4, array([  604, 12158, 56343, 53594, 38682], dtype=int64))
(52938, 2, array([39359, 52937,  7869, 33362, 17420], dtype=int64))
(52953, 2, array([44839, 17128, 53099, 46233, 53133], dtype=int64))
(53156, 3, array([18356,  3880, 40638, 56508, 14324], dtype=int64))
(53476, 4, array([ 9097, 49540, 49690, 37784, 13050], dtype=int64))
(53806, 8, array([ 8329, 31336, 13573, 42013,  9933], dtype=int64))
(53997, 8, array([29181, 15409, 23547, 22415,  7721], dtype=int64))
(53999, 8, array([ 7143, 44893,  4047,  7515, 46235], dtype=int64))
(54097, 7, array([48647, 17517,  9469, 38247,  2953], dtype=int64))
(54264, 4, array([21402, 19096, 23788, 32440, 29810], dtype=int64))
(54296, 3, array([55043, 46094, 17170, 50716, 57668], dtype=int64))
(54378, 7, array([25189, 42156, 16110, 25595,  8602], dtype=int64))
(54394, 8, array([53978,  4373, 15728, 14742,  2834], dtype=int64))
(54506, 1, array([34287, 59737, 45319,  4649, 57726], dtype=int64))
(54528, 5, array([ 5542, 25208, 45704, 32804, 17526], dtype=int64))
(54701, 8, array([10251,  8555, 16039, 20893, 12993], dtype=int64))
(54966, 7, array([50528, 18669, 13720, 25134, 56401], dtype=int64))
(55028, 3, array([50641, 50633, 57324, 17642, 50549], dtype=int64))
(55153, 8, array([33241, 47453,   599, 22501, 33171], dtype=int64))
(55330, 8, array([18298, 13466,  9858, 44736, 27745], dtype=int64))
(55340, 4, array([44994, 36317,  6859, 46360, 59391], dtype=int64))
(55368, 8, array([37023, 39357, 24737, 50088, 10555], dtype=int64))
(55792, 9, array([54739, 46592, 14450, 34140, 31274], dtype=int64))
(55814, 9, array([59185,  1767, 31601,  7327, 51723], dtype=int64))
(55908, 5, array([ 4560, 50612,  1228, 36002, 25430], dtype=int64))
(56066, 7, array([ 8916, 31113, 53180, 16670, 36536], dtype=int64))
(56082, 8, array([46240, 55846, 53194,   556, 12060], dtype=int64))
(56220, 7, array([31400, 51632, 24998,  2804, 25343], dtype=int64))
(56224, 5, array([10527, 59092, 45675, 30675, 37314], dtype=int64))
(56452, 4, array([20746, 46938, 23857, 48183, 53736], dtype=int64))
(56800, 9, array([15938, 28344, 34208, 56934, 12572], dtype=int64))
(56824, 2, array([55697, 33430, 33710, 44378, 45804], dtype=int64))
(57076, 4, array([41554, 38985,  7176,  9430, 32496], dtype=int64))
(57624, 2, array([43647, 49011, 10909, 44695, 13314], dtype=int64))
(57662, 5, array([29835, 41800, 57036,  1182, 39528], dtype=int64))
(57683, 9, array([27248, 53740,  7678, 12828, 24180], dtype=int64))
(57718, 7, array([ 1734, 47868, 43910, 38029, 13510], dtype=int64))
(57728, 9, array([ 1356,  2478, 46890, 29860, 51040], dtype=int64))
(58101, 4, array([ 7275, 36794, 11522, 45471,  7221], dtype=int64))
(58105, 4, array([58091, 38455, 25666, 42927, 46518], dtype=int64))
(59309, 8, array([27049, 16511, 21956, 19244, 45477], dtype=int64))
(59701, 5, array([ 3366, 10925, 19896,  2334,  8974], dtype=int64))
(59718, 8, array([29107, 15197, 20534, 41387, 33245], dtype=int64))
(59720, 2, array([ 5729, 47887,  5883, 24807,   979], dtype=int64))
(59915, 4, array([37279, 46297,   651, 46351,   911], dtype=int64))
